Ticker,LTP,EPS,PE,ROE,PB,Beta,Dividend Yield,Revenue,Net Profit,Gross Profit,Net Income,Net Profit Margin,Book Value,Debt to Equity,Assets,Liabilities,Equities
ADBL,259.0000,20.6173,12.5623,0.0990,1.2101,0.7197,0.0501930502,23606993.50,3099337.08,8080400.86,3099337.08,0.1313,214.0278,6.7334250395,264661279.2,230438243.7,34223035.4
CZBIL,175.0000,15.5935,11.2226,0.1065,1.1660,0.7354,0.0330857143,20688978.46,2214425.23,5857274.71,2214425.23,0.1070,150.0816,8.3521930884,199323728.9,178010682.1,21313046.8
EBL,483.9000,31.7174,15.2566,0.1367,2.0304,0.7414,0.0424261211,22438321.00,3393153.00,7448074.00,3393153.00,0.1512,238.3333,8.8043735767,249983268.0,224486152.0,25497118.0
GBIME,208.8000,20.2774,10.2972,0.1267,1.2728,0.7091,0.0651340996,48221364.00,7253454.00,17118275.00,7253454.00,0.1504,164.0509,7.9698528650,526375695.0,467692939.0,58682757.0
HBL,204.6000,15.0816,13.5662,0.0938,1.2356,0.5600,0.0934017595,29106401.50,3266167.78,9933413.80,3266167.78,0.1122,165.5846,8.3181785704,334150117.7,298290092.6,35860025.1
KBL,157.8000,7.4625,21.1457,0.0532,1.1234,0.8339,0.0792141952,34052700.46,1957107.46,11011396.07,1957107.46,0.0575,140.4689,9.2821186081,378784702.1,341945533.4,36839168.7
LSL,183.0000,10.4378,17.5325,0.0813,1.0545,0.7445,0.0000000000,18879802.00,2261888.00,5507126.00,2261888.00,0.1198,173.5465,8.6662266266,363526841.0,325918905.0,37607937.0
MBL,206.1000,18.0475,11.4199,0.1151,1.2952,0.7386,0.0679281902,19298799.96,1851156.89,5386685.27,1851156.89,0.0959,159.1280,10.4452968220,186810265.8,170488254.3,16322011.5
NABIL,590.0000,27.8196,21.2081,0.1338,2.7481,0.9168,0.0508474576,46381986.00,7527149.00,17983210.00,7527149.00,0.1623,214.6906,7.3150436457,483011058.0,424922239.0,58088818.0
NBL,251.0000,23.2171,10.8110,0.0946,1.0083,0.6631,0.0478087649,25194073.31,3411526.80,9441553.68,3411526.80,0.1354,248.9371,7.0947887713,296098239.5,259519367.9,36578871.6
NIMB,176.5000,12.5895,14.0196,0.0746,1.0353,0.3219,0.0623229462,35081695.00,4296624.00,12275858.00,4296624.00,0.1225,170.4772,6.6915439705,447505405.0,389323925.0,58181479.0
SBI,309.8000,22.1492,13.9869,0.1225,1.6918,0.6983,0.0339896708,17838065.91,2241642.85,5767266.89,2241642.85,0.1257,183.1166,9.0507919408,186266841.3,167734287.6,18532553.7
NICA,542.5000,40.2226,13.4875,0.1592,2.1158,0.9855,0.0562696774,38371659.15,4651338.48,12371164.31,4651338.48,0.1212,256.4101,11.2797695863,364110859.2,334459581.4,29651277.8
NMB,209.0000,18.5689,11.2554,0.1207,1.3415,0.6892,0.0394736842,26622440.00,3410500.00,8342440.00,3410500.00,0.1281,155.7932,9.0707812801,288166111.0,259552034.0,28614077.0
PRVU,158.0000,12.0006,13.1660,0.0839,1.1030,1.0473,0.0506329114,30039673.00,2825250.00,10257916.00,2825250.00,0.0941,143.2517,9.4277458610,351675968.0,317950946.0,33725023.0
PCBL,184.0000,11.6642,15.7748,0.0794,1.2564,0.9160,0.0486413043,23299301.31,2263154.09,7279743.70,2263154.09,0.0971,146.4503,6.8110454915,221951884.3,193536752.8,28415131.4
SANIMA,248.8000,21.0208,11.8359,0.1385,1.5999,0.6305,0.0590836013,21617858.49,2619216.64,6489309.97,2619216.64,0.1212,155.5126,10.1287027889,215641368.2,196264323.8,19377044.4
SBL,248.0000,22.6410,10.9536,0.1316,1.3722,0.7925,0.0169758065,27647197.76,3190111.74,8178422.45,3190111.74,0.1154,180.7290,10.2360284934,286121885.0,260657203.7,25464681.3
SCB,536.0000,37.3873,14.3364,0.1788,2.5049,0.6454,0.0308022388,12743270.00,3525415.00,5955257.00,3525415.00,0.2766,213.9817,6.5138440909,151609155.0,131431845.0,20177309.0
SRBL,0.0000,15.4295,11.2188,0.0894,0.9884,0.7276,0.0000000000,13391938.72,1170968.49,4198397.21,1170968.49,0.0874,175.1380,8.1963053385,162977156.5,145255131.1,17722025.4
